[635714572535562687,635714571633584447,635714568267813311,635714574000730303,
 635714573216267711,635714569493109631,635714568088566143,635714568689193215,
 635714569138603583,635714569731872831,635714568074079679,635714569511212479,
 635714896701004415,635714571650878911,635714572303738175,635714569202447295,
 635714568634831679,635714568552883071,635714569755115775,635714569165984831,
 635714569426311359,635714568171426559,635714569511493055,635714567819371263,
 635714572567521663,635714573467427135,635714573736192383,635714573890635711,
 635714569643398847,635714572242709823,635714569687993471,635714567807272319,
 635714568922925375,635714568271715135,635714571766024511,635714569699998975,
 635714568026423871,635714573396199359,635714567889171327,635714567958467839,
 635714569719602047,635714571782345535,635714571643273663,635714572813494975,
 635714573305841023,635714568172561215,635714568137868991,635714568977230527,
 635714572527277695,635714573486287615,635714573639410623,635714573174877567,
 635714569209759039,635714567876223551,635714568575977919,635714573456390527,
 635714573215138751,635714568971428607,635714567982982335,635714574070370559,
 635714568407068799,635714569215565247,635714568605476671,635714567816652479,
 635714569423568319,635714569191499455,635714568673742975,635714573169408319,
 635714573543222719,635714572566864447,635714573580718335,635714573323873663,
 635714571766420735,635714567966843967,635714573541225087,635714569177970879,
 635714574021593407,635714573252798591,635714572512518527,635714573355565503,
 635714568891729663,635714568412632703,635714573977555519,635714569447495743,
 635714568373552895,635714569241441535,635714568556459903,635714568925374911,
 635714573660463999,635714571598863487,635714572533668031,635714572584436671,
 635714575000741183,635714568422703679,635714568203982399,635714571644863231,
 635714568500988863,635714572229157695,635714573491982655,635714571615771839,
 635714567994219903,635714569516716735,635714572145576895,635714572316744895,
 635714575000286015,635714573647390399,635714568547908671,635714568929108927,
 635714568955020607,635714570640729663,635714571582483583,635714571651011775,
 635714568154351359,635714573353191359,635714569758926143,635714567991398847,
 635714574062818239,635714573494950335,635714570709658047,635714573989060031,
 635714896734327359,635714569497924927,635714573192991807,635714568706190527,
 635714568271866943,635714569703709311,635714572153701695,635714573274796671,
 635714574030677439,635714569408932735,635714569413237055,635714568261836159,
 635714573190927743,635714574394604799,635714572820432191,635714568283055935,
 635714568570214847,635714568401083647,635714567943828927,635714568374879359,
 635714569731712255,635714568312742719,635714571614956287,635714570642996351,
 635714573654376575,635714568121107263,635714568551285055,635714569763901631,
 635714568076932351,635714572238064831,635714571785243967,635714573217871615,
 635714567836735615,635714571634370751,635714568610651583,635714573466876287,
 635714568384321919,635714574398948799,635714569753673983,635714567874401727,
 635714573355399615,635714568612760959,635714569351324991,635714569767410495,
 635714568487865215,635714572151861567,635714573941181631,635714568115052671,
 635714573742263167,635714568642479423,635714572568446847,635714569520342847,
 635714568395562367,635714573340992703,635714568220846399,635714568556494143,
 635714572563333503,635714574073804031,635714569781188223,635714572582237823,
 635714569346925951,635714573480371967,635714569159612287,635714568217632895,
 635714573501411519,635714569696307071,635714568174078399,635714569778504895,
 635714569697822399,635714571628816063,635714568203472319,635714568377085055,
 635714573591047359,635714573194354111,635714568580899711,635714572599637119,
 635714573466667263,635714568393877375,635714573592642367,635714567910662399,
 635714567888276671,635714573538068735,635714571580212991,635714572282847679,
 635714574044451135,635714573215053439,635714574932723327,635714568002163135,
 635714567983450559,635714573186807487,635714569197367615,635714569476192895,
 635714573680313727,635714569217785215,635714573435231295,635714572300857791,
 635714573613460287,635714573647351999,635714568305858367,635714572562904767,
 635714568359391359,635714571913833599,635714569190293951,635714568693294847,
 635714568140730943,635714568915019519,635714572814956223,635714568580092351,
 635714574463414975,635714569490989311,635714568064752319,635714572496755775,
 635714568222774463,635714573219698623,635714573502881983,635714572245416063,
 635714573647758079,635714896732236863,635714572283169023,635714568300170559,
 635714568930662719,635714573988926079,635714568039569279,635714567959585215,
 635714569466103039,635714568703847487,635714567948878719,635714572551347455,
 635714569233432895,635714569788594431,635714568350744959,635714567870814591,
 635714569748414783,635714573667931903,635714568265966207,635714573361908607,
 635714569341770943,635714568028078527,635714571583503487,635714568917103679,
 635714569582057663,635714568333866047,635714568962096191,635714568211515711,
 635714569769079615,635714572281483903,635714573191234367,635714571621141759,
 635714568399711039,635714574464705215,635714568238662079,635714569582471039,
 635714572276127167,635714569172531455,635714568224026047,635714569456761215,
 635714567986526591,635714573538692031,635714568217535231,635714572312586047,
 635714573544142143,635714569449703295,635714574042662271,635714568380177727,
 635714568312018623,635714569734808511,635714573973336191,635714568480156991,
 635714571767121471,635714572496521279,635714572309111487,635714573319105727,
 635714572110430335,635714572111939263,635714572511105663,635714568702039871,
 635714567939208575,635714571632166591,635714569199479103,635714574032946303,
 635714573499917695,635714568646716735,635714568904300351,635714569692948927,
 635714573673176255,635714573325309503,635714572113162303,635714567837768063,
 635714568551597247,635714573759155519,635714569732425791,635714572238578943,
 635714569709441343,635714572544526527,635714568251094591,635714568072737727,
 635714569491633599,635714568094300351,635714570700731839,635714568621950143,
 635714571582771903,635714567848935807,635714571911300799,635714568502554879,
 635714573970548863,635714568874919871,635714573204477247,635714567870427839,
 635714570641520831,635714572823058879,635714569417930879,635714572261837439,
 635714571800448383,635714574458309183,635714574458683647,635714572518451391,
 635714571667418303,635714571756559039,635714567936955327,635714569579746623,
 635714571557211519,635714568580281663,635714568444729407,635714568576973503,
 635714573165580479,635714572265080639,635714568710474175,635714568043495999,
 635714567937411135,635714568571805759,635714568678899775,635714568892517823,
 635714571655752319,635714571575927039,635714568628284607,635714573890697535,
 635714574392873663,635714568308868927,635714573351076223,635714567937353471,
 635714569493656639,635714569194517247,635714568350189503,635714573435029247,
 635714570705753663,635714568340292031,635714573587662271,635714568123594815,
 635714572556201343,635714567876739967,635714569425408639,635714573990210431,
 635714572496866687,635714568906721727,635714572507048255,635714572528077951,
 635714569155691647,635714574043687679,635714569116929151,635714569436586751,
 635714572262596927,635714572328837503,635714569726350463,635714568558013759,
 635714572244707263,635714569160316223,635714568485700287,635714568624312767,
 635714568295400063,635714573637115199,635714568223478079,635714573335934527,
 635714567899998015,635714573503517439,635714572141879871,635714568023724351,
 635714569373519231,635714573489529599,635714568116137343,635714568240274111,
 635714574459523711,635714568492013695,635714568370443711,635714569247807807,
 635714569200409151,635714569616883839,635714569407465343,635714569762359551,
 635714567846938367,635714567852707135,635714572118842303,635714572507523199,
 635714568395031487,635714571665245119,635714572315410559,635714573349004415,
 635714569748376319,635714571760307583,635714571650913535,635714569500801215,
 635714568422318399,635714568876532095,635714574027437759,635714568629687359,
 635714568561580479,635714574025590335,635714567893524927,635714568539282303,
 635714569714670271,635714568018217279,635714568123589183,635714574036982079,
 635714568022275455,635714572110705983,635714567819352447,635714574971487423,
 635714570706616575,635714569118378111,635714568093852543,635714573584499135,
 635714568149091583,635714573268225215,635714573505210559,635714572330887231,
 635714572303550207,635714573268066623,635714572574360319,635714573352144191,
 635714568427604863,635714568652363839,635714568410923455,635714567804971775,
 635714573433641663,635714568031948159,635714568305269119,635714573231991551,
 635714571560112959,635714573328214463,635714569509365695,635714567876921535,
 635714567964571199,635714573306563007,635714572534528319,635714569486406207,
 635714573205383743,635714569515373375,635714569466545279,635714568945082431,
 635714573221151359,635714568009560831,635714896664205247,635714573244443775,
 635714568638081855,635714574076766335,635714573357968063,635714569750515967,
 635714573672916671,635714572530570495,635714569339759679,635714573979117631,
 635714568705226559,635714574394615167,635714573675091135,635714573641199679,
 635714568379884735,635714568275920575,635714568685788223,635714573506876159,
 635714575004092799,635714567972621567,635714568035862719,635714568257428671,
 635714573507384767,635714571567436927,635714568572436799,635714569196017599,
 635714567807615935,635714569742783423,635714569692330367,635714569746737855,
 635714573640961279,635714574465985471,635714571557628479,635714896666946303,
 635714572528139391,635714569743976575,635714573546915391,635714572601078207,
 635714567949691711,635714572494714687,635714574393433215,635714573359421631,
 635714573455163455,635714572258551231,635714573641993279,635714573226427455,
 635714569463059583,635714568572726335,635714568924609727,635714569498695295,
 635714569352989247,635714569447314303,635714896670114943,635714573577927359,
 635714569553267967,635714567889532543,635714568067893439,635714573467695167,
 635714572249427391,635714574961023551,635714569238807615,635714573543524671,
 635714568504499455,635714573523074495,635714573742719743,635714896739861695,
 635714572782245119,635714568947722047,635714572585659135,635714572600413119,
 635714568526320319,635714574970630719,635714573374366783,635714572512925567,
 635714568343782783,635714568438260479,635714574460815295,635714568711711167,
 635714568551875007,635714572231279359,635714573574527423,635714573316274431,
 635714571655302207,635714569496815167,635714573204341311,635714568444490175,
 635714574933368255,635714573176365631,635714568466847999,635714568127105087,
 635714569139935295,635714574933558527,635714568913994623,635714568950305919,
 635714568496363135,635714568981841535,635714571911737535,635714568094921919,
 635714573402002303,635714569750819711,635714571762002047,635714568925307199,
 635714569737981375,635714573611361727,635714573674758399,635714574938171775,
 635714572332970751,635714568931862463,635714567932105471,635714573742056127,
 635714573638916543,635714574065017471,635714574041533311,635714572305114687,
 635714573547005119,635714569172465855,635714572598167103,635714568149063807,
 635714568017044799,635714568638353599,635714572281846527,635714568289092159,
 635714568608025855,635714568176393023,635714568425751999,635714571590614143,
 635714896665848511,635714896743288255,635714571760592447,635714896735688511,
 635714568697746367,635714574467932863,635714572292995519,635714568177323135,
 635714568497482111,635714569501004095,635714568930502015,635714573374413055,
 635714567832298879,635714574058979775,635714573442397439,635714572325540159,
 635714572288929983,635714572150134463,635714568366984319,635714568092813887,
 635714568544361279,635714573991796863,635714574971319359,635714568648796415,
 635714568002017215,635714569491331647,635714568571847743,635714568394773823,
 635714573305386175,635714573872737023,635714574930457407,635714572581511999,
 635714568563322239,635714568606881599,635714568950261311,635714567879708799,
 635714569149435135,635714572588543423,635714568662247871,635714568445016639,
 635714573757948095,635714573645984575,635714573232451711,635714569216835711,
 635714567984976255,635714570692218303,635714571623160063,635714567887925695,
 635714573267733183,635714569753506431,635714568150246975,635714569509550527,
 635714568106492287,635714568958038591,635714567967812543,635714572520952383,
 635714573256975295,635714569162661119,635714572228281215,635714568403059327,
 635714573595626623,635714572533566079,635714572327781759,635714572114511679,
 635714570640790655,635714573539303807,635714573639813567,635714569682163903,
 635714573476990271,635714573739614399,635714572148746367,635714569346590335,
 635714571581481535,635714568032166015,635714573251906431,635714569746860863,
 635714573660633151,635714568983328703,635714569574193087,635714569474008767,
 635714568395874367,635714569476023039,635714572816967359,635714573572064639,
 635714568974638527,635714568273856447,635714567834445247,635714569504375615,
 635714567840734079,635714568887522687,635714567818341439,635714569435909503,
 635714568198865535,635714571559675775,635714572271015487,635714569433978815,
 635714567867848639,635714573584729343,635714568040410431,635714573333823807,
 635714573251581567,635714568174799295,635714569344305983,635714573536222399,
 635714568367147199,635714572500116735,635714569159324543,635714573207284607,
 635714573211473535,635714569608145791,635714567802291135,635714568925079103,
 635714573974159679,635714573506319615,635714568505335167,635714569158468671,
 635714569762167551,635714569417975679,635714571646853567,635714569183496127,
 635714896670265407,635714568295829695,635714567989824703,635714573736921855,
 635714573535618239,635714568547651775,635714573543544383,635714573673076543,
 635714567889622911,635714568367424127,635714574076879679,635714568201902399,
 635714568378762815,635714568677589311,635714569480877311,635714568922600895,
 635714573527998655,635714567955646207,635714568030798975,635714568282618111,
 635714573995164095,635714573527460159,635714573256059263,635714568378846463,
 635714572530083455,635714569777104767,635714569735693759,635714569703045759,
 635714571601667135,635714568646701311,635714569484067967,635714573626321023,
 635714573747657599,635714573318522495,635714568965539967,635714569429342015,
 635714574030831999,635714568547280831,635714574469141439,635714567956768703,
 635714567900899647,635714571601077503,635714571593734463,635714567885206783,
 635714568654448959,635714570640984703,635714568970391935,635714569188230207,
 635714569779872639,635714568693241663,635714573301039359,635714567966889919,
 635714571621248447,635714568696814847,635714568124512575,635714573940873087,
 635714569343678527,635714569584169023,635714568706229183,635714574058699199,
 635714572598959039,635714573435578815,635714573976256767,635714569701327295,
 635714568021033151,635714573255378047,635714571649827711,635714568960512063,
 635714569199223871,635714567910482751,635714574960859903,635714573674034047,
 635714569249164671,635714568962736703,635714574933297855,635714571631667391,
 635714567864389055,635714573444322239,635714574389762175,635714571633722751,
 635714569415886271,635714568881602687,635714568358502527,635714572815274047,
 635714568087938239,635714568711711039,635714568035664319,635714568159668927,
 635714572598253503,635714573311225087,635714568508716287,635714574083895679,
 635714568869420479,635714573171235775,635714574070884223,635714567982657599,
 635714568352062399,635714568602280063,635714573328097407,635714567892462143,
 635714572817710399,635714572565644415,635714567884949439,635714568252138751,
 635714568501094271,635714573187754751,635714573883172287,635714573673627967,
 635714574031408511,635714896663525759,635714571560719551,635714569145431295,
 635714573990148863,635714572540390463,635714568406918207,635714572296207551,
 635714573575000127,635714569207547583,635714567959528575,635714571617055487,
 635714570705754751,635714568041072255,635714567967866943,635714568977965695,
 635714574067040319,635714572824131519,635714568674425727,635714569423690111,
 635714572304829631,635714569234912063,635714572246729919,635714569644880831,
 635714568124586431,635714572582212415,635714569787417279,635714568872543295,
 635714568443980415,635714568643761215,635714567908483903,635714567809806975,
 635714571919772607,635714573271591871,635714568119554367,635714569166604863,
 635714573743810687,635714567943822783,635714569461191295,635714569440179391,
 635714573261189311,635714567817339711,635714568945589439,635714573255420031,
 635714568905497023,635714567910566783,635714569368578175,635714568091688319,
 635714571575258303,635714571565222207,635714573741273727,635714573222297983,
 635714569248387839,635714574015470847,635714568208202431,635714569378988863,
 635714568505942975,635714572236673791,635714573386980607,635714567993930495,
 635714567993465215,635714569215600511,635714568709036095,635714573653337407,
 635714573356343551,635714574026892095,635714569160302975,635714569514976447,
 635714573353241023,635714569208670655,635714568099742783,635714569692926079,
 635714571601648511,635714571596784831,635714569491658367,635714568503573567,
 635714573215811391,635714568428407679,635714573197906815,635714572279492799,
 635714573236078143,635714569654242047,635714569486247999,635714574008637183,
 635714572112825727,635714573648018239,635714569583561663,635714572251644991,
 635714574961816127,635714567997269887,635714569583371327,635714569285844415,
 635714574927185855,635714568686256703,635714572798836799,635714568490793151,
 635714568265581247,635714569649974143,635714570641533567,635714568948122431,
 635714568446071551,635714568537421503,635714572587762751,635714568712455743,
 635714568008684607,635714568612872639,635714567893242431,635714569245603519,
 635714567819028927,635714568653510207,635714568955748671,635714568268204799,
 635714573567890687,635714567803034879,635714569729481343,635714568491054655,
 635714568699021759,635714571902999807,635714571609533375,635714571578302655,
 635714573444697023,635714569197803839,635714569163563903,635714567837592959,
 635714572339666367,635714568409427327,635714567903741823,635714569745567103,
 635714569239212735,635714573174093759,635714572557301055,635714567907607359,
 635714573525324543,635714571566770815,635714567814819135,635714572254859327,
 635714568519158591,635714569756007231,635714568652887743,635714568076658879,
 635714569789121151,635714573681644223,635714573622098367,635714569718023551,
 635714571628656191,635714569433143679,635714568892148287,635714573225847039,
 635714568950273279,635714571628458303,635714569508600895,635714568679180031,
 635714574996323199,635714569784206399,635714574074656895,635714568286507903,
 635714573328200767,635714569172539775,635714573175200191,635714573977303743,
 635714573389171775,635714573379577279,635714569741840511,635714568243598655,
 635714573569211519,635714572258379007,635714573607494847,635714569196015679,
 635714571578190655,635714569781006399,635714574939799679,635714568419568319,
 635714567900928127,635714568270732351,635714572494246271,635714568015133823,
 635714569178049471,635714569249189183,635714573871466367,635714568418543871,
 635714572113987775,635714569214582975,635714568001606015,635714568915916031,
 635714569244076799,635714568614997119,635714573352356159,635714569514734207,
 635714569173583295,635714568926813375,635714570640697791,635714568497554815,
 635714573892157631,635714568008181311,635714568938612351,635714569650367615,
 635714569772578751,635714571909801535,635714573396499775,635714572577513791,
 635714568004936255,635714573333627583,635714573502471039,635714573584600383,
 635714572532421951,635714573383779647,635714568436527487,635714569375918143,
 635714572544016959,635714573467326655,635714573201735871,635714572515629119,
 635714569520580735,635714573506262911,635714568525988159,635714569736083007,
 635714572260848575,635714572529347519,635714567890110911,635714573520261311,
 635714569770063551,635714569787328255,635714568202761023,635714567850774911,
 635714572285239487,635714573193766207,635714568374662975,635714572551496511,
 635714574056858559,635714572531411199,635714569747784127,635714568654258559,
 635714569241535231,635714568704318847,635714572569925759,635714569772411583,
 635714568015151295,635714569744752895,635714573193757439,635714567849191615,
 635714569783296191,635714568886795007,635714571598738879,635714568344049599,
 635714569285678527,635714569155498751,635714574071851327,635714569375846527,
 635714568243159807,635714572317311103,635714568138217919,635714568262299071,
 635714574031620159,635714572304654911,635714572812378943,635714569442091327,
 635714569499058367,635714567841835071,635714572554928511,635714573190206911,
 635714568496913279,635714573165674623,635714568473678271,635714569771259839,
 635714568335214143,635714573536356671,635714568308239295,635714574021433087,
 635714567857920959,635714568905962751,635714568407354751,635714569703348287,
 635714569146241087,635714568377281855,635714568014911423,635714568889905343,
 635714572803263167,635714573597475071,635714573970047871,635714573362390079,
 635714568715588159,635714568553241215,635714569612415871,635714569713375295,
 635714569494606975,635714568420115135,635714572523577407,635714568033851647,
 635714573881114751,635714573365793087,635714569468232255,635714569586726271,
 635714568505922239,635714572334427519,635714568218093119,635714573998372031,
 635714568422984575,635714569224280383,635714572118775231,635714567840353599,
 635714568710848767,635714572499813695,635714573469532799,635714568369420607,
 635714567808231359,635714568648079423,635714569212616895,635714573315352127,
 635714573617768063,635714571562563775,635714568335145535,635714568042486847,
 635714568658503615,635714569778102719,635714572561990399,635714573480679359,
 635714574995240255,635714569708984127,635714572107984191,635714568393367807,
 635714573407791487,635714569285810751,635714569475154623,635714572588112767,
 635714572825434047,635714572818954943,635714571555411903,635714567905884927,
 635714571641038527,635714568907676223,635714573387811199,635714568613873919,
 635714567950853823,635714568513455743,635714572295773055,635714574008271679,
 635714568008026495,635714573240966399,635714573467572095,635714568304645055,
 635714568575268031,635714569381620031,635714573544732991,635714571631782975,
 635714574996106367,635714574081811327,635714572581366719,635714572249059711,
 635714568401767103,635714574082288063,635714572278946879,635714568881092031,
 635714568128210495,635714568018987711,635714574044582975,635714568681253503,
 635714568089633407,635714569492829375,635714569715851647,635714572327233151,
 635714567981241279,635714571647212927,635714569783785407,635714572231493823,
 635714572330130751,635714567822903423,635714573525235135,635714569458227327,
 635714569157927167,635714574940070783,635714569285939583,635714574393470143,
 635714567876791487,635714572227913791,635714569188685055,635714568660587711,
 635714569413519807,635714572537895615,635714571900495167,635714573209003327,
 635714568938251903,635714572550859583,635714573307853759,635714567952937023,
 635714567943431871,635714567797839487,635714568234478463,635714569514260415,
 635714568511067263,635714573648124031,635714574066390079,635714569411073727,
 635714568513444479,635714572494878335,635714568307518719,635714567885169343,
 635714574000654591,635714573614451135,635714568068346815,635714572580315519,
 635714573876503807,635714572332345983,635714573891758527,635714568346102911,
 635714574467293759,635714568560129343,635714568303167871,635714569381742655,
 635714569424822335,635714569492603007,635714572109960127,635714574929500223,
 635714572260563839,635714568447223999,635714569648368255,635714572510996671,
 635714568106294655,635714568947259647,635714574049950975,635714573486473471,
 635714571667345471,635714573232558847,635714568025876927,635714575004503103,
 635714567840021119,635714573181147967,635714572277291583,635714573378688703,
 635714574970884415,635714573351982527,635714569649606975,635714568394556863,
 635714569182813119,635714568609028671,635714568293098303,635714569381257343,
 635714573544657343,635714573630726399,635714571903535359,635714573539958207,
 635714573360641791,635714574026377279,635714568368505023,635714574396959551,
 635714573610166591,635714568976000575,635714569444912511,635714569485957183,
 635714569609107775,635714573266540223,635714569348237951,635714571621958527,
 635714572143091071,635714574931896127,635714568204936063,635714568257853375,
 635714568891259199,635714573207950911,635714568512545919,635714572588273855,
 635714572229684543,635714573269570175,635714571759801215,635714573477538431,
 635714569442764415,635714569209755519,635714568568805183,635714568870389631,
 635714568876855359,635714573669172287,635714568000149951,635714573637846335,
 635714573735076991,635714573439719487,635714573526034175,635714569207105471,
 635714568928565567,635714571914856063,635714573301811391,635714567990683327,
 635714568467998975,635714568383403327,635714569452947199,635714567949738879,
 635714574400131263,635714568235113279,635714896663695807,635714574391251583,
 635714573473033023,635714573206993279,635714573241371327,635714568963937663,
 635714568527133759,635714568637037311,635714568232286079,635714569383593087,
 635714569243482751,635714572305150911,635714568224258111,635714569776061375,
 635714568521449599,635714574031862335,635714568924597695,635714569655434431,
 635714568075260223,635714569381774591,635714573642722367,635714568495745855,
 635714568573895039,635714572253419327,635714569769704127,635714568631550655,
 635714567833728127,635714569345454463,635714573500201407,635714569648779967,
 635714568701930111,635714573406366783,635714569340862655,635714573439811903,
 635714572502811903,635714573665116351,635714573539894591,635714568972420991,
 635714569708317375,635714572155202303,635714573395683007,635714567992377983,
 635714569226893375,635714568603215167,635714573612785983,635714573991302207,
 635714574067831935,635714567833066559,635714568648778431,635714567871319487,
 635714573190937855,635714568292020671,635714569492387263,635714569770381567,
 635714575003900351,635714572118156095,635714573326488895,635714568276423423,
 635714569733777215,635714568505607743,635714572312193279,635714569608244415,
 635714569192531775,635714574079033599,635714569225560127,635714568551766911,
 635714569377978559,635714574999881023,635714568962099647,635714573334423359,
 635714572293551487,635714569110101247,635714572255314495,635714572141059199,
 635714573941941119,635714573211355711,635714573645436543,635714568893359359,
 635714574073744063,635714569702091071,635714568109807359,635714568383530111,
 635714569183275263,635714568337031807,635714571800562495,635714568648824959,
 635714568678888895,635714569411830655,635714569379025791,635714567863283967,
 635714567933631231,635714569216574079,635714568360146687,635714572797651391,
 635714572801746111,635714573463455167,635714573373694015,635714570703505535,
 635714569518060735,635714573360743551,635714568695383679,635714568349599167,
 635714567864965183,635714569248514687,635714568656093951,635714573275764991,
 635714567799939967,635714571623942463,635714567876450495,635714568238815103,
 635714573970851711,635714573990321215,635714568535347263,635714573738480255,
 635714571906779199,635714568141974911,635714568089643071,635714572322379583,
 635714568137476031,635714567993865151,635714567936154943,635714568400806463,
 635714568373462463,635714571661416191,635714569738212031,635714569735065791,
 635714572517395519,635714572294069503,635714568564590719,635714567886260287,
 635714567991053247,635714568227818559,635714568543898495,635714573757405887,
 635714567849155007,635714569374288639,635714896740401855,635714573316342015,
 635714569653037631,635714572589389631,635714567812448447,635714569726780799,
 635714569654624639,635714568235294975,635714568578587583,635714568695733311,
 635714572231386751,635714571647345215,635714571755664703,635714569507037887,
 635714569208490559,635714573253306495,635714568021235903,635714569241705663,
 635714568285345919,635714896671620159,635714571798119615,635714573271851391,
 635714574016907519,635714568289733183,635714567956598143,635714571639282623,
 635714569233834559,635714567832986815,635714569787196479,635714568870347455,
 635714573511330431,635714571891421823,635714571613673087,635714573379626559,
 635714568042529919,635714573475596863,635714568528601215,635714568238818879,
 635714569583460927,635714568651330175,635714568173191231,635714573337729407,
 635714572512732223,635714569517410111,635714569718243583,635714567819134655,
 635714573511730559,635714568668139775,635714569732739839,635714568577953919,
 635714572818400511,635714573261685823,635714573638318719,635714571626681983,
 635714568004970943,635714573589748671,635714568283239103,635714568156890495,
 635714568165075583,635714569716264191,635714568668205311,635714568557235327,
 635714572142336767,635714568366505151,635714569703412927,635714571570948991,
 635714572309865023,635714568960279807,635714572288479359,635714569642805503,
 635714569206387839,635714571891795007,635714568602456191,635714568174070975,
 635714573647251327,635714573634294591,635714573546837183,635714568178414015,
 635714568435753535,635714573205540927,635714573540563263,635714567804888767,
 635714572497590847,635714573618938623,635714573893037119,635714567950117759,
 635714573224708799,635714569499727551,635714573647422079,635714573206917759,
 635714572237618111,635714568198757055,635714573595495679,635714571624122239,
 635714568965430207,635714573352162943,635714568618553599,635714568284848831,
 635714572304075647,635714568979493567,635714568647398463,635714569243236095,
 635714571649539199,635714568711514367,635714573406918463,635714573576864895,
 635714568959656319,635714572814494079,635714568118299455,635714569149202623,
 635714573639436543,635714574467335871,635714568083561215,635714574925960319,
 635714572302465343,635714567935216703,635714568406116735,635714575005078719,
 635714572143404223,635714572813154047,635714569788122879,635714573503702591,
 635714569222167935,635714573534871871,635714568076742015,635714568402188671,
 635714572297313343,635714573998253503,635714568286726335,635714571555891903,
 635714574457804415,635714573636577663,635714568636727615,635714568910400255,
 635714573201679615,635714568692452735,635714572783604095,635714568039866943,
 635714571785126463,635714573273785919,635714571574789951,635714568928954751,
 635714567942965887,635714568074745023,635714573277681087,635714574392536511,
 635714568101225023,635714567965115199,635714568099220927,635714569412733695,
 635714572506747583,635714572299419071,635714568393452351,635714568240503039,
 635714568299087807,635714568645390399,635714573873573119,635714573300049599,
 635714571773266623,635714567835900735,635714567846183551,635714568691783935,
 635714573474998015,635714574939702015,635714568521987327,635714573459053695,
 635714573458015487,635714572563686591,635714574928889663,635714567839304959,
 635714572299038143,635714568306841023,635714568704318655,635714571626030335,
 635714574995722687,635714571765857087,635714569159640383,635714571802436351,
 635714569486944831,635714568658310783,635714573675286911,635714568140024447,
 635714571802346623,635714573942733055,635714573741083967,635714572512288959,
 635714568602314687,635714571761722495,635714569688894271,635714572495819903,
 635714573185962239,635714569782962303,635714573492696767,635714573240148799,
 635714569165086911,635714573471064831,635714571897978303,635714568443070335,
 635714575004469631,635714573590344319,635714573613734271,635714573361891455,
 635714571777423551,635714567899452671,635714569339516735,635714568573006591,
 635714568713345407,635714573223432575,635714568001524991,635714568084011647,
 635714568490346367,635714572146600703,635714568486075647,635714568647512831,
 635714572588596607,635714573259137343,635714568577378239,635714568545194367,
 635714569491579647,635714572601478399,635714568311068863,635714572270250559,
 635714568070843583,635714573995742463,635714571589821759,635714573516838015,
 635714567967974655,635714572277652351,635714574071169727,635714567960351999,
 635714573169286463,635714573216991935,635714567934158207,635714567842974783,
 635714573387751999,635714568410710975,635714568669735551,635714569428571903,
 635714574082015359,635714572112364223,635714572785083135,635714568271385471,
 635714568243141567,635714568664214975,635714569747634047,635714569513351103,
 635714574968258623,635714568004394367,635714569443559039,635714568032724287,
 635714568475237631,635714568127692095,635714573250456703,635714569579862463,
 635714574015871359,635714568555244223,635714568408816511,635714573629936191,
 635714573900000639,635714573609879679,635714568031376127,635714567937596095,
 635714573536235775,635714567874682239,635714568082967999,635714568967231103,
 635714568277053503,635714568941790847,635714568267605951,635714567968399551,
 635714569428657919,635714569252264895,635714568034002111,635714569685243199,
 635714567802588095,635714567839221183,635714568517640639,635714569408759743,
 635714573972068991,635714573516682879,635714568092910463,635714572119611775,
 635714574016649023,635714568685107135,635714569464496447,635714568519224639,
 635714568897246463,635714573650926207,635714573255848639,635714571579625919,
 635714572510743615,635714567834741823,635714569207126719,635714572802729343,
 635714567832363391,635714568428226815,635714573209231999,635714569234770175,
 635714568680237439,635714569152117823,635714572596417471,635714568072552511,
 635714569194071679,635714569731852159,635714573659647231,635714573175949759,
 635714573981000511,635714569350202303,635714571906421695,635714896740902207,
 635714573606388479,635714569437027071,635714569155482303,635714568873087231,
 635714568014288511,635714569353335167,635714569342938303,635714574400668223,
 635714573261892031,635714572511742143,635714567813860287,635714573735881151,
 635714572513521791,635714568370957055,635714568521581823,635714568890911871,
 635714568874795711,635714573617471551,635714573466702911,635714573378476287,
 635714568293598143,635714568157841727,635714571579280575,635714572786494271,
 635714571634377087,635714568223665599,635714571918951487,635714568469787967,
 635714572538747967,635714573644252095,635714573274860287,635714573239499391,
 635714568207502143,635714568513342207,635714569281594815,635714568652712127,
 635714573200288063,635714568477507903,635714572335614655,635714568922695295,
 635714568086131903,635714569645856511,635714569218155199,635714568229121471,
 635714573501597567,635714568276479423,635714568945313663,635714568167117375,
 635714568657249215,635714572596323263,635714573891330303,635714572531043071,
 635714573439916927,635714569440595135,635714573438139775,635714568621524095,
 635714568522379967,635714573516810623,635714568492640127,635714571644700863,
 635714568680070463,635714568227750335,635714573972166911,635714568631439423,
 635714568696760447,635714568490236031,635714568661423231,635714568980151423,
 635714574960347519,635714573193194239,635714568677491391,635714569424180159,
 635714573983619775,635714568341380031,635714567879569791,635714573404116799,
 635714896738610303,635714569786472383,635714572300337535,635714568118264127,
 635714567891431487,635714572495927359,635714568393347135,635714568107223807,
 635714571664567167,635714573385078911,635714568382955903,635714568559876287,
 635714573656080575,635714569649113471,635714569679865151,635714572312079103,
 635714568377255679,635714568575405375,635714572556495679,635714568027490495,
 635714574463075199,635714573188240959,635714572586428543,635714567847020223,
 635714569208204351,635714569174418687,635714572539992959,635714896669344511,
 635714573460351103,635714573618161599,635714573986570367,635714569247541183,
 635714568159869631,635714573586405055,635714569181017663,635714568039860415,
 635714569243386687,635714569197383039,635714567909975807,635714573176301439,
 635714573510949759,635714568417040447,635714573410688319,635714568081402623,
 635714573673511871,635714571909383999,635714569695870079,635714573348956991,
 635714571568022719,635714572237809407,635714573589685375,635714574390420031,
 635714574457649599,635714568026953407,635714568121503167,635714573326027327,
 635714568673630399,635714567983781631,635714568224168639,635714573535097215,
 635714572502208895,635714568010401983,635714573217951103,635714568440592639,
 635714569476795007,635714573601256575,635714569460177087,635714569350449535,
 635714572336529599,635714571659477055,635714570698141055,635714572154153407,
 635714568657692415,635714574075452863,635714573534330943,635714568925583103,
 635714568660503935,635714572581624383,635714568143890047,635714568947159615,
 635714568685955007,635714572266440447,635714572514709631,635714568916698239,
 635714568602267071,635714569341403583,635714571654498367,635714567930151679,
 635714569457297727,635714567953498175,635714573503668607,635714569465030847,
 635714573970252479,635714568159108479,635714568647430591,635714573892618559,
 635714569212955967,635714569720990655,635714570641590975,635714568360869119,
 635714569155025983,635714573880307135,635714573995697727,635714569233460415,
 635714573492507711,635714572556221503,635714573301335167,635714569380104895,
 635714569701182271,635714572242950463,635714568252903487,635714568671291071,
 635714567958575295,635714568943070527,635714572523058239,635714573641826623,
 635714568067790719,635714569219221247,635714569172517567,635714568495161983,
 635714570642590399,635714573451060479,635714568379217535,635714573220121471,
 635714568697688895,635714574027141503,635714568135705471,635714568273086399,
 635714568394810175,635714567954241855,635714568024676607,635714567988662527,
 635714572597073599,635714567905674431,635714568436244543,635714569385810303,
 635714568696710335,635714573598022015,635714573975537855,635714572336497407,
 635714567893287167,635714568380135295,635714568708877631,635714568312443583,
 635714572546475903,635714568243713855,635714567972973759,635714569177243967,
 635714568675234111,635714567897803583,635714573452872447,635714570708074687,
 635714571579230911,635714569681658751,635714568166328575,635714573518899135,
 635714572272177855,635714568953745983,635714568508173631,635714569703737087,
 635714572310170943,635714574033995071,635714568178587839,635714574029427775,
 635714573741136959,635714568010095039,635714568581461887,635714569727803967].
