[635714572535562687,635714571633584447,635714568267813311,635714574000730303,
 635714573216267711,635714569493109631,635714568088566143,635714568689193215,
 635714569138603583,635714569731872831,635714568074079679,635714569511212479,
 635714896701004415,635714571650878911,635714572303738175,635714569202447295,
 635714568634831679,635714568552883071,635714569755115775,635714569165984831,
 635714569426311359,635714568171426559,635714569511493055,635714567819371263,
 635714572567521663,635714573467427135,635714573736192383,635714573890635711,
 635714569643398847,635714572242709823,635714569687993471,635714567807272319,
 635714568922925375,635714568271715135,635714571766024511,635714569699998975,
 635714568026423871,635714573396199359,635714567889171327,635714567958467839,
 635714569719602047,635714571782345535,635714571643273663,635714572813494975,
 635714573305841023,635714568172561215,635714568137868991,635714568977230527,
 635714572527277695,635714573486287615,635714573639410623,635714573174877567,
 635714569209759039,635714567876223551,635714568575977919,635714573456390527,
 635714573215138751,635714568971428607,635714567982982335,635714574070370559,
 635714568407068799,635714569215565247,635714568605476671,635714567816652479,
 635714569423568319,635714569191499455,635714568673742975,635714573169408319,
 635714573543222719,635714572566864447,635714573580718335,635714573323873663,
 635714571766420735,635714567966843967,635714573541225087,635714569177970879].
